18   8   307      130      3504      12   70  1	
15   8   350      165      3693      11   70  1	  
18   8   318      150      3436      11   70  1	
16   8   304      150      3433      12   70  1	
17   8   302      140      3449      10   70  1	
15   8   429      198      4341      10   70  1	  
14   8   454      220      4354       9   70  1	
14   8   440      215      4312       8   70  1	
14   8   455      225      4425      10   70  1	
15   8   390      190      3850       8   70  1	
15   8   383      170      3563      10   70  1	
14   8   340      160      3609       8   70  1	 
15   8   400      150      3761       9   70  1	
14   8   455      225      3086      10   70  1	   
24   4   113      950      2372      15   70  3	
22   6   198      950      2833      15   70  1	
18   6   199      970      2774      15   70  1	
21   6   200      850      2587      16   70  1	
27   4   970      880      2130      14   70  3	 
26   4   970      460      1835      20   70  2	   
25   4   110      870      2672      17   70  2	 
24   4   107      900      2430      14   70  2	  
25   4   104      950      2375      17   70  2	 
26   4   121      113      2234      12   70  2	 
21   6   199      900      2648      15   70  1	
10   8   360      215      4615      14   70  1	 
10   8   307      200      4376      15   70  1	 
11   8   318      210      4382      13   70  1	 
9    8   304      193      4732      18   70  1	 
27   4   970      880      2130      14   71  3	 
28   4   140      900      2264      15   71  1	  
25   4   113      950      2228      14   71  3	
25   4   980      0        2046      19   71  1	
19   6   232      100      2634      13   71  1	
16   6   225      105      3439      15   71  1	
17   6   250      100      3329      15   71  1	
19   6   250      880      3302      15   71  1	
18   6   232      100      3288      15   71  1	
14   8   350      165      4209      12   71  1	
14   8   400      175      4464      11   71  1	
14   8   351      153      4154      13   71  1	  
14   8   318      150      4096      13   71  1	
12   8   383      180      4955      11   71  1	  
13   8   400      170      4746      12   71  1	   
13   8   400      175      5140      12   71  1	  
18   6   258      110      2962      13   71  1	   
22   4   140      720      2408      19   71  1	  
19   6   250      100      3282      15   71  1	
18   6   250      880      3139      14   71  1	
23   4   122      860      2220      14   71  1	  
28   4   116      900      2123      14   71  2	 
30   4   790      700      2074      19   71  2	 
30   4   880      760      2065      14   71  2	 
31   4   710      650      1773      19   71  3	  
35   4   720      690      1613      18   71  3	 
27   4   970      600      1834      19   71  2	  
26   4   910      700      1955      20   71  1	
24   4   113      950      2278      15   72  3	
25   4   970      800      2126      17   72  1	
23   4   970      540      2254      23   72  2	  
20   4   140      900      2408      19   72  1	
21   4   122      860      2226      16   72  1	
13   8   350      165      4274      12   72  1	
14   8   400      175      4385      12   72  1	
15   8   318      150      4135      13   72  1	
14   8   351      153      4129      13   72  1	  
17   8   304      150      3672      11   72  1	
11   8   429      208      4633      11   72  1	
13   8   350      155      4502      13   72  1	
12   8   350      160      4456      13   72  1	   
13   8   400      190      4422      12   72  1	
19   3   700      970      2330      13   72  3	  
15   8   304      150      3892      12   72  1	  
13   8   307      130      4098      14   72  1	   
13   8   302      140      4294      16   72  1	   
14   8   318      150      4077      14   72  1	   
18   4   121      112      2933      14   72  2	  
22   4   121      760      2511      18   72  2	  
21   4   120      870      2979      19   72  2	  
26   4   960      690      2189      18   72  2	  
22   4   122      860      2395      16   72  1	  
28   4   970      920      2288      17   72  3	  
23   4   120      970      2506      14   72  3	    
28   4   980      800      2164      15   72  1	  
27   4   970      880      2100      16   72  3	   
13   8   350      175      4100      13   73  1	  
14   8   304      150      3672      11   73  1	
13   8   350      145      3988      13   73  1	
14   8   302      137      4042      14   73  1	
15   8   318      150      3777      12   73  1	
12   8   429      198      4952      11   73  1	
13   8   400      150      4464      12   73  1	
13   8   351      158      4363      13   73  1	
14   8   318      150      4237      14   73  1	
13   8   440      215      4735      11   73  1	
12   8   455      225      4951      11   73  1	   
13   8   360      175      3821      11   73  1	
18   6   225      105      3121      16   73  1	
16   6   250      100      3278      18   73  1	
18   6   232      100      2945      16   73  1	
18   6   250      880      3021      16   73  1	
23   6   198      950      2904      16   73  1	
26   4   970      460      1950      21   73  2	
11   8   400      150      4997      14   73  1	
12   8   400      167      4906      12   73  1	
13   8   360      170      4654      13   73  1	
12   8   350      180      4499      12   73  1	
18   6   232      100      2789      15   73  1	
20   4   970      880      2279      19   73  3	
21   4   140      720      2401      19   73  1	
22   4   108      940      2379      16   73  3	 
18   3   700      900      2124      13   73  3	 
19   4   122      850      2310      18   73  1	
21   6   155      107      2472      14   73  1	  
26   4   980      900      2265      15   73  2	   
15   8   350      145      4082      13   73  1	
16   8   400      230      4278      90   73  1	
29   4   680      490      1867      19   73  2	 
24   4   116      750      2158      15   73  2	
20   4   114      910      2582      14   73  2	 
19   4   121      112      2868      15   73  2	 
15   8   318      150      3399      11   73  1	
24   4   121      110      2660      14   73  2	
20   6   156      122      2807      13   73  3	
11   8   350      180      3664      11   73  1	
20   6   198      950      3102      16   74  1	
21   6   200      0          2875      17   74  1	
19   6   232      100      2901      16   74  1	
15   6   250      100      3336      17   74  1	
31   4   790      670      1950      19   74  3	 
26   4   122      800      2451      16   74  1	
32   4   710      650      1836      21   74  3	  
25   4   140      750      2542      17   74  1	
16   6   250      100      3781      17   74  1	
16   6   258      110      3632      18   74  1	
18   6   225      105      3613      16   74  1	
16   8   302      140      4141      14   74  1	
13   8   350      150      4699      14   74  1	   
14   8   318      150      4457      13   74  1	   
14   8   302      140      4638      16   74  1	   
14   8   304      150      4257      15   74  1	  
29   4   980      830      2219      16   74  2	
26   4   790      670      1963      15   74  2	
26   4   970      780      2300      14   74  2	
31   4   760      520      1649      16   74  3	
32   4   830      610      2003      19   74  3	 
28   4   900      750      2125      14   74  1	
24   4   900      750      2108      15   74  2	 
26   4   116      750      2246      14   74  2	  
24   4   120      970      2489      15   74  3	
26   4   108      930      2391      15   74  3	
31   4   790      670      2000      16   74  2	 
19   6   225      950      3264      16   75  1	
18   6   250      105      3459      16   75  1	
15   6   250      720      3432      21   75  1	
15   6   250      720      3158      19   75  1	
16   8   400      170      4668      11   75  1	
15   8   350      145      4440      14   75  1	
16   8   318      150      4498      14   75  1	
14   8   351      148      4657      13   75  1	
17   6   231      110      3907      21   75  1	
16   6   250      105      3897      18   75  1	
15   6   258      110      3730      19   75  1	
18   6   225      950      3785      19   75  1	
21   6   231      110      3039      15   75  1	
20   8   262      110      3221      13   75  1	  
13   8   302      129      3169      12   75  1	
29   4   970      750      2171      16   75  3	
23   4   140      830      2639      17   75  1	
20   6   232      100      2914      16   75  1	
23   4   140      780      2592      18   75  1	
24   4   134      960      2702      13   75  3	
25   4   900      710      2223      16   75  2	
24   4   119      970      2545      17   75  3	 
18   6   171      970      2984      14   75  1	
29   4   900      700      1937      14   75  2	
19   6   232      900      3211      17   75  1	
23   4   115      950      2694      15   75  2	 
23   4   120      880      2957      17   75  2	 
22   4   121      980      2945      14   75  2	 
25   4   121      115      2671      13   75  2	 
33   4   910      530      1795      17   75  3	
28   4   107      860      2464      15   76  2	 
25   4   116      810      2220      16   76  2	 
25   4   140      920      2572      14   76  1	
26   4   980      790      2255      17   76  1	
27   4   101      830      2202      15   76  2	 
17   8   305      140      4215      13   76  1	
16   8   318      150      4190      13   76  1	
15   8   304      120      3962      13   76  1	
14   8   351      152      4215      12   76  1	
22   6   225      100      3233      15   76  1	
22   6   250      105      3353      14   76  1	
24   6   200      810      3012      17   76  1	
22   6   232      900      3085      17   76  1	
29   4   850      520      2035      22   76  1	
24   4   980      600      2164      22   76  1	
29   4   900      700      1937      14   76  2	
33   4   910      530      1795      17   76  3	
20   6   225      100      3651      17   76  1	
18   6   250      780      3574      21   76  1	
18   6   250      110      3645      16   76  1	
17   6   258      950      3193      17   76  1	  
29   4   970      710      1825      12   76  2	
32   4   850      700      1990      17   76  3	
28   4   970      750      2155      16   76  3	
26   4   140      720      2565      13   76  1	
20   4   130      102      3150      15   76  2	 
13   8   318      150      3940      13   76  1	   
19   4   120      880      3270      21   76  2	 
19   6   156      108      2930      15   76  3	
16   6   168      120      3820      16   76  2	
16   8   350      180      4380      12   76  1	
13   8   350      145      4055      12   76  1	 
13   8   302      130      3870      15   76  1	 
13   8   318      150      3755      14   76  1	 
31   4   980      680      2045      18   77  3	
30   4   111      800      2155      14   77  1	
36   4   790      580      1825      18   77  2	  
25   4   122      960      2300      15   77  1	
33   4   850      700      1945      16   77  3	  
17   8   305      145      3880      12   77  1	
17   8   260      110      4060      19   77  1	
15   8   318      145      4140      13   77  1	
15   8   302      130      4295      14   77  1	
17   6   250      110      3520      16   77  1	
20   6   231      105      3425      16   77  1	
19   6   225      100      3630      17   77  1	
18   6   250      980      3525      19   77  1	
16   8   400      180      4220      11   77  1	
15   8   350      170      4165      11   77  1	
15   8   400      190      4325      12   77  1	
16   8   351      149      4335      14   77  1	
29   4   970      780      1940      14   77  2	
24   4   151      880      2740      16   77  1	
26   4   970      750      2265      18   77  3	
25   4   140      890      2755      15   77  1	   
30   4   980      630      2051      17   77  1	
33   4   980      830      2075      15   77  1	  
30   4   970      670      1985      16   77  3	
30   4   970      780      2190      14   77  2	
22   6   146      970      2815      14   77  3	 
21   4   121      110      2600      12   77  2	 
21   3   800      110      2720      13   77  3	 
43   4   900      480      1985      21   78  2	
36   4   980      660      1800      14   78  1	
32   4   780      520      1985      19   78  3	
39   4   850      700      2070      18   78  3	  
36   4   910      600      1800      16   78  3	
19   8   260      110      3365      15   78  1	
19   8   318      140      3735      13   78  1	
20   8   302      139      3570      12   78  1	
19   6   231      105      3535      19   78  1	
20   6   200      950      3155      18   78  1	
20   6   200      850      2965      15   78  1	  
25   4   140      880      2720      15   78  1	  
20   6   225      100      3430      17   78  1	
19   6   232      900      3210      17   78  1	
20   6   231      105      3380      15   78  1	
20   6   200      850      3070      16   78  1	
18   6   225      110      3620      18   78  1	
18   6   258      120      3410      15   78  1	  
19   8   305      145      3425      13   78  1	
17   6   231      165      3445      13   78  1	    
18   8   302      139      3205      11   78  1	
17   8   318      140      4080      13   78  1	
30   4   980      680      2155      16   78  1	
27   4   134      950      2560      14   78  3	
27   4   119      970      2300      14   78  3	 
30   4   105      750      2230      14   78  1	
21   4   134      950      2515      14   78  3	
23   4   156      105      2745      16   78  1	
23   4   151      850      2855      17   78  1	
23   4   119      970      2405      14   78  3	 
20   5   131      103      2830      15   78  2	 
17   6   163      125      3140      13   78  2	 
21   4   121      115      2795      15   78  2	 
16   6   163      133      3410      15   78  2	 
31   4   890      710      1990      14   78  2	
29   4   980      680      2135      16   78  3	
21   6   231      115      3245      15   79  1	  
19   6   200      850      2990      18   79  1	  
22   4   140      880      2890      17   79  1	  
20   6   232      900      3265      18   79  1	   
20   6   225      110      3360      16   79  1	  
17   8   305      130      3840      15   79  1	
17   8   302      129      3725      13   79  1	
16   8   351      138      3955      13   79  1	
18   8   318      135      3830      15   79  1	  
16   8   350      155      4360      14   79  1	   
15   8   351      142      4054      14   79  1	   
19   8   267      125      3605      15   79  1	   
18   8   360      150      3940      13   79  1	     
31   4   890      710      1925      14   79  2	
34   4   860      650      1975      15   79  3	
35   4   980      800      1915      14   79  1	
27   4   121      800      2670      15   79  1	
25   5   183      770      3530      20   79  2	  
23   8   350      125      3900      17   79  1	
27   4   141      710      3190      24   79  2	 
23   8   260      900      3420      22   79  1	
34   4   105      700      2200      13   79  1	
34   4   105      700      2150      14   79  1	  
31   4   850      650      2020      19   79  3	 
37   4   910      690      2130      14   79  2	
28   4   151      900      2670      16   79  1	
28   6   173      115      2595      11   79  1	
26   6   173      115      2700      12   79  1	
33   4   151      900      2556      13   79  1	
41   4   980      760      2144      14   80  2	
38   4   890      600      1968      18   80  3